V 54
K 1
D 0 -4826000 3810000 0
Y 1
U 3429000 762000 254000 0 2 3 REFDES=IC?
U 3429000 508000 254000 0 2 3 DEVICE=TC7107ACPL
U 3429000 254000 254000 0 2 0 PKG_TYPE=DIP1543W58P254L5175H635Q40N
U 3429000 0 254000 0 2 0 Description=LED Display Drivers w/LED Driver
U 3429000 -254000 254000 0 2 0 Datasheet Link=http://www.microchip.com/mymicrochip/filehandler.aspx?ddocname=en011547
U 3429000 -508000 254000 0 2 0 Height=6.35
U 3429000 -762000 254000 0 2 0 Mouser Part Number=579-TC7107ACPL
U 3429000 -1016000 254000 0 2 0 Mouser Price/Stock=https://www.mouser.co.uk/ProductDetail/Microchip-Technology/TC7107ACPL?qs=6pREnGtJ7gFpv6xnFBTGTQ%3D%3D
U 3429000 -1270000 254000 0 2 0 Manufacturer_Name=Microchip
U 3429000 -1524000 254000 0 2 0 Manufacturer_Part_Number=TC7107ACPL
U 0 0 254000 0 1 0 FORWARD_PCB=1
l 5 508000 254000 3302000 254000 3302000 -5080000 508000 -5080000 508000 254000
|GRPHSTL -1 -1 -1 1
P 1 0 0 508000 0 0 2 0
L 584200 0 228600 0 2 0 1 0 V+
A 355600 50800 203200 0 9 3 #=1
A 0 0 9 0 3 0 PINTYPE=BI
P 2 0 -254000 508000 -254000 0 2 0
L 584200 -254000 228600 0 2 0 1 0 D1
A 355600 -203200 203200 0 9 3 #=2
A 0 0 9 0 3 0 PINTYPE=BI
P 3 0 -508000 508000 -508000 0 2 0
L 584200 -508000 228600 0 2 0 1 0 C1
A 355600 -457200 203200 0 9 3 #=3
A 0 0 9 0 3 0 PINTYPE=BI
P 4 0 -762000 508000 -762000 0 2 0
L 584200 -762000 228600 0 2 0 1 0 B1
A 355600 -711200 203200 0 9 3 #=4
A 0 0 9 0 3 0 PINTYPE=BI
P 5 0 -1016000 508000 -1016000 0 2 0
L 584200 -1016000 228600 0 2 0 1 0 A1
A 355600 -965200 203200 0 9 3 #=5
A 0 0 9 0 3 0 PINTYPE=BI
P 6 0 -1270000 508000 -1270000 0 2 0
L 584200 -1270000 228600 0 2 0 1 0 F1
A 355600 -1219200 203200 0 9 3 #=6
A 0 0 9 0 3 0 PINTYPE=BI
P 7 0 -1524000 508000 -1524000 0 2 0
L 584200 -1524000 228600 0 2 0 1 0 G1
A 355600 -1473200 203200 0 9 3 #=7
A 0 0 9 0 3 0 PINTYPE=BI
P 8 0 -1778000 508000 -1778000 0 2 0
L 584200 -1778000 228600 0 2 0 1 0 E1
A 355600 -1727200 203200 0 9 3 #=8
A 0 0 9 0 3 0 PINTYPE=BI
P 9 0 -2032000 508000 -2032000 0 2 0
L 584200 -2032000 228600 0 2 0 1 0 D2
A 355600 -1981200 203200 0 9 3 #=9
A 0 0 9 0 3 0 PINTYPE=BI
P 10 0 -2286000 508000 -2286000 0 2 0
L 584200 -2286000 228600 0 2 0 1 0 C2
A 355600 -2235200 203200 0 9 3 #=10
A 0 0 9 0 3 0 PINTYPE=BI
P 11 0 -2540000 508000 -2540000 0 2 0
L 584200 -2540000 228600 0 2 0 1 0 B2
A 355600 -2489200 203200 0 9 3 #=11
A 0 0 9 0 3 0 PINTYPE=BI
P 12 0 -2794000 508000 -2794000 0 2 0
L 584200 -2794000 228600 0 2 0 1 0 A2
A 355600 -2743200 203200 0 9 3 #=12
A 0 0 9 0 3 0 PINTYPE=BI
P 13 0 -3048000 508000 -3048000 0 2 0
L 584200 -3048000 228600 0 2 0 1 0 F2
A 355600 -2997200 203200 0 9 3 #=13
A 0 0 9 0 3 0 PINTYPE=BI
P 14 0 -3302000 508000 -3302000 0 2 0
L 584200 -3302000 228600 0 2 0 1 0 E2
A 355600 -3251200 203200 0 9 3 #=14
A 0 0 9 0 3 0 PINTYPE=BI
P 15 0 -3556000 508000 -3556000 0 2 0
L 584200 -3556000 228600 0 2 0 1 0 D3
A 355600 -3505200 203200 0 9 3 #=15
A 0 0 9 0 3 0 PINTYPE=BI
P 16 0 -3810000 508000 -3810000 0 2 0
L 584200 -3810000 228600 0 2 0 1 0 B3
A 355600 -3759200 203200 0 9 3 #=16
A 0 0 9 0 3 0 PINTYPE=BI
P 17 0 -4064000 508000 -4064000 0 2 0
L 584200 -4064000 228600 0 2 0 1 0 F3
A 355600 -4013200 203200 0 9 3 #=17
A 0 0 9 0 3 0 PINTYPE=BI
P 18 0 -4318000 508000 -4318000 0 2 0
L 584200 -4318000 228600 0 2 0 1 0 E3
A 355600 -4267200 203200 0 9 3 #=18
A 0 0 9 0 3 0 PINTYPE=BI
P 19 0 -4572000 508000 -4572000 0 2 0
L 584200 -4572000 228600 0 2 0 1 0 AB4
A 355600 -4521200 203200 0 9 3 #=19
A 0 0 9 0 3 0 PINTYPE=BI
P 20 0 -4826000 508000 -4826000 0 2 0
L 584200 -4826000 228600 0 2 0 1 0 POL
A 355600 -4775200 203200 0 9 3 #=20
A 0 0 9 0 3 0 PINTYPE=BI
P 21 3810000 0 3302000 0 0 3 0
L 3225800 0 228600 0 8 0 1 0 OSC1
A 3454400 50800 203200 0 3 3 #=40
A 0 0 9 0 3 0 PINTYPE=BI
P 22 3810000 -254000 3302000 -254000 0 3 0
L 3225800 -254000 228600 0 8 0 1 0 OSC2
A 3454400 -203200 203200 0 3 3 #=39
A 0 0 9 0 3 0 PINTYPE=BI
P 23 3810000 -508000 3302000 -508000 0 3 0
L 3225800 -508000 228600 0 8 0 1 0 OSC3
A 3454400 -457200 203200 0 3 3 #=38
A 0 0 9 0 3 0 PINTYPE=BI
P 24 3810000 -762000 3302000 -762000 0 3 0
L 3225800 -762000 228600 0 8 0 1 0 TEST
A 3454400 -711200 203200 0 3 3 #=37
A 0 0 9 0 3 0 PINTYPE=BI
P 25 3810000 -1016000 3302000 -1016000 0 3 0
L 3225800 -1016000 228600 0 8 0 1 0 VREF+
A 3454400 -965200 203200 0 3 3 #=36
A 0 0 9 0 3 0 PINTYPE=BI
P 26 3810000 -1270000 3302000 -1270000 0 3 0
L 3225800 -1270000 228600 0 8 0 1 0 VREF-
A 3454400 -1219200 203200 0 3 3 #=35
A 0 0 9 0 3 0 PINTYPE=BI
P 27 3810000 -1524000 3302000 -1524000 0 3 0
L 3225800 -1524000 228600 0 8 0 1 0 CREF-_2
A 3454400 -1473200 203200 0 3 3 #=34
A 0 0 9 0 3 0 PINTYPE=BI
P 28 3810000 -1778000 3302000 -1778000 0 3 0
L 3225800 -1778000 228600 0 8 0 1 0 CREF-_1
A 3454400 -1727200 203200 0 3 3 #=33
A 0 0 9 0 3 0 PINTYPE=BI
P 29 3810000 -2032000 3302000 -2032000 0 3 0
L 3225800 -2032000 228600 0 8 0 1 0 ANALOG_COMMON
A 3454400 -1981200 203200 0 3 3 #=32
A 0 0 9 0 3 0 PINTYPE=BI
P 30 3810000 -2286000 3302000 -2286000 0 3 0
L 3225800 -2286000 228600 0 8 0 1 0 VIN+
A 3454400 -2235200 203200 0 3 3 #=31
A 0 0 9 0 3 0 PINTYPE=BI
P 31 3810000 -2540000 3302000 -2540000 0 3 0
L 3225800 -2540000 228600 0 8 0 1 0 VIN-
A 3454400 -2489200 203200 0 3 3 #=30
A 0 0 9 0 3 0 PINTYPE=BI
P 32 3810000 -2794000 3302000 -2794000 0 3 0
L 3225800 -2794000 228600 0 8 0 1 0 CAZ
A 3454400 -2743200 203200 0 3 3 #=29
A 0 0 9 0 3 0 PINTYPE=BI
P 33 3810000 -3048000 3302000 -3048000 0 3 0
L 3225800 -3048000 228600 0 8 0 1 0 VBUFF
A 3454400 -2997200 203200 0 3 3 #=28
A 0 0 9 0 3 0 PINTYPE=BI
P 34 3810000 -3302000 3302000 -3302000 0 3 0
L 3225800 -3302000 228600 0 8 0 1 0 VINT
A 3454400 -3251200 203200 0 3 3 #=27
A 0 0 9 0 3 0 PINTYPE=BI
P 35 3810000 -3556000 3302000 -3556000 0 3 0
L 3225800 -3556000 228600 0 8 0 1 0 V-
A 3454400 -3505200 203200 0 3 3 #=26
A 0 0 9 0 3 0 PINTYPE=BI
P 36 3810000 -3810000 3302000 -3810000 0 3 0
L 3225800 -3810000 228600 0 8 0 1 0 G2
A 3454400 -3759200 203200 0 3 3 #=25
A 0 0 9 0 3 0 PINTYPE=BI
P 37 3810000 -4064000 3302000 -4064000 0 3 0
L 3225800 -4064000 228600 0 8 0 1 0 C3
A 3454400 -4013200 203200 0 3 3 #=24
A 0 0 9 0 3 0 PINTYPE=BI
P 38 3810000 -4318000 3302000 -4318000 0 3 0
L 3225800 -4318000 228600 0 8 0 1 0 A3
A 3454400 -4267200 203200 0 3 3 #=23
A 0 0 9 0 3 0 PINTYPE=BI
P 39 3810000 -4572000 3302000 -4572000 0 3 0
L 3225800 -4572000 228600 0 8 0 1 0 G3
A 3454400 -4521200 203200 0 3 3 #=22
A 0 0 9 0 3 0 PINTYPE=BI
P 40 3810000 -4826000 3302000 -4826000 0 3 0
L 3225800 -4826000 228600 0 8 0 1 0 BP/GND
A 3454400 -4775200 203200 0 3 3 #=21
A 0 0 9 0 3 0 PINTYPE=BI
E
